# Created by Octave 5.2.0, Fri Dec 18 23:10:05 2020 GMT <unknown@BigBang>
# name: cor_class
# type: matrix
# rows: 2907
# columns: 5
 0.04891578416540595 2 2 2 2
 -0.46646495209278871 3 2 6 2
 -0.17095310136157338 2 2 5 2
 -0.035804336863338379 2 2 5 2
 -0.22339889056984366 2 2 3 2
 0.05698436712052446 2 2 2 2
 0.19213313161875945 1 1 1 1
 -0.42309631870902675 3 3 3 3
 0.31921331316187596 1 1 1 1
 0.0075642965204236008 2 2 2 2
 0.40393343419062028 1 12 1 1
 0.28088754412506306 2 2 1 2
 0.3555219364599092 1 12 1 1
 0.27181038830055471 1 2 1 2
 0.32627332324760466 1 12 1 1
 0.11144730206757439 2 2 2 2
 -0.036812909732728188 2 2 5 2
 0.22037317196167422 1 1 1 1
 0.098335854765506811 2 2 2 2
 0.24659606656580937 2 12 1 1
 -0.0065557236510337871 2 2 2 2
 0.32324760463943519 1 1 1 1
 -0.27181038830055471 2 1 3 1
 0.091275844679778118 2 2 2 2
 -0.28794755421079171 5 2 3 2
 -0.064044377206253153 2 2 5 2
 0.27181038830055471 1 1 1 1
 0.27584467977811394 2 2 1 2
 0.086232980332829043 2 2 2 2
 0.29702471003530007 2 2 1 2
 0.027735753908219869 2 2 2 2
 0.23751891074130105 2 1 1 1
 0.19818456883509833 1 1 1 1
 0.052950075642965201 2 2 2 2
 0.33535047907211296 2 2 1 2
 0.14977307110438728 1 1 2 1
 0.34543620776601108 1 1 1 1
 0.28693898134140189 1 12 1 1
 0.22945032778618255 1 2 1 2
 0.23953605648008069 2 2 1 2
 0.22844175491679275 2 2 1 2
 -0.036812909732728188 5 2 5 2
 0.42410489157841652 1 12 7 7
 0.37670196671709533 2 1 1 1
 -0.04891578416540595 2 3 5 3
 0.20221886031265759 2 2 1 2
 0.35350479072112961 1 12 1 1
 0.27483610690872418 1 15 1 1
 -0.050932929904185575 1 15 5 5
 0.049924357034795766 1 2 2 2
 -0.029752899646999495 2 2 5 2
 -0.31820474029248613 3 3 3 3
 -0.30206757438224913 2 2 3 2
 0.38073625819465456 2 12 1 1
 0.085224407463439233 2 2 2 2
 -0.031770045385779121 2 2 5 2
 0.21432173474533536 2 2 1 2
 0.15784165405950579 2 2 2 2
 0.20524457892082704 2 2 1 2
 0.050932929904185575 2 2 2 2
 -0.037821482602118005 1 2 5 2
 0.21533030761472516 2 1 1 1
 0.081190115985879982 1 2 2 2
 0.34039334341906202 1 12 1 1
 -0.073121533030761479 1 2 5 2
 0.34039334341906202 1 12 1 1
 0.10943015632879476 2 12 2 2
 0.15985879979828543 1 2 2 2
 0.11144730206757439 2 2 2 2
 0.16591023701462432 2 2 2 2
 -0.1043872919818457 2 2 5 2
 0.58043368633383763 1 12 7 7
 0.5340393343419062 1 1 7 1
 0.27382753403933435 1 2 1 2
 -0.13968734241048916 2 2 5 2
 0.33635905194150278 7 1 1 1
 -0.55521936459909227 6 1 6 1
 -0.2264246091780131 2 2 3 2
 -0.13666162380231972 2 2 5 2
 0.23751891074130105 1 12 1 1
 0.443267776096823 1 15 7 7
 -0.1427130610186586 2 2 5 2
 0.32728189611699443 1 1 1 1
 -0.017650025214321734 2 2 2 2
 0.43923348461926376 1 1 7 1
 0.21331316187594554 2 2 1 2
 0.31719616742309631 2 1 1 1
 0.30307614725163895 1 1 1 1
 0.30307614725163895 1 12 1 1
 0.39283913262733233 1 1 1 1
 0.27987897125567324 2 2 1 2
 -0.24861321230458899 6 3 3 3
 0.22541603630862331 1 1 1 1
 -0.46343923348461924 3 1 6 1
 0.51487644982349978 1 12 7 7
 0.14069591527987896 1 2 2 2
 0.26676752395360565 2 2 1 2
 0.059001512859304085 2 2 2 2
 0.095310136157337369 2 2 2 2
 0.4140191628845184 2 12 7 7
 -0.11447302067574382 2 2 5 2
 -0.34039334341906202 2 2 3 2
 0.20423600605143721 1 2 1 2
 0.16591023701462432 2 2 2 2
 0.35753908219868885 1 1 1 1
 -0.024710035300050427 2 2 5 2
 0.070095814422592037 2 2 2 2
 0.32123045890065555 1 1 1 1
 0.38577912254160363 1 12 1 1
 0.35047907211296014 1 1 1 1
 0.32728189611699443 1 12 1 1
 0.37972768532526474 1 15 1 1
 0.086232980332829043 1 2 2 2
 -0.22743318204740293 1 2 3 2
 0.34745335350479073 2 1 1 1
 0.098335854765506811 2 2 2 2
 0.12455874936964195 2 2 2 2
 -0.081190115985879982 1 2 5 2
 -0.045890065557236508 2 2 5 2
 -0.096318709026727178 2 2 5 2
 0.23045890065557237 2 2 1 2
 0.14775592536560767 2 2 2 2
 0.075138678769541098 1 2 2 2
 0.025718608169440244 2 2 2 2
 0.17095310136157338 2 2 2 2
 -0.52697932425617755 6 6 6 6
 0.1043872919818457 2 2 2 2
 0.095310136157337369 1 2 2 2
 0.080181543116490173 2 2 2 2
 0.35854765506807867 1 1 1 1
 0.42309631870902675 1 1 7 1
 0.32829046898638425 2 12 1 1
 0.32929904185577408 1 2 1 2
 0.052950075642965201 1 1 2 1
 -0.39586485123550175 3 1 3 1
 -0.25869894099848711 6 1 3 1
 -0.24861321230458899 3 3 3 3
 0.37771053958648515 1 1 1 1
 0.13968734241048916 2 2 2 2
 0.087241553202218866 2 1 2 1
 0.088250126071608676 2 2 2 2
 -0.68633383761976807 6 3 4 3
 0.12556732223903178 1 2 2 2
 0.17095310136157338 1 1 2 1
 0.13262733232476046 2 2 2 2
 0.47554210791729701 1 12 7 7
 0.34745335350479073 2 15 1 1
 0.28391326273323247 1 2 1 2
 0.30912758446797783 1 1 1 1
 0.34644478063540091 2 1 1 1
 0.13666162380231972 2 2 2 2
 0.065052950075642962 1 2 2 2
 0.26374180534543623 1 1 1 1
 0.1053958648512355 1 2 2 2
 0.40191628845184063 1 2 1 2
 0.55925365607665156 1 1 7 1
 0.24659606656580937 2 1 1 1
 0.091275844679778118 5 2 2 2
 0.36056480080685832 1 1 1 1
 -0.26172465960665658 2 2 3 2
 0.28189611699445283 1 12 1 1
 0.098335854765506811 1 2 2 2
 -0.081190115985879982 2 2 5 2
 0.14473020675743822 1 2 2 2
 -0.096318709026727178 2 2 5 2
 0.40191628845184063 1 12 1 1
 -0.050932929904185575 5 2 5 2
 0.28895612708018154 1 1 1 1
 -0.19415027735753909 2 2 3 2
 -0.1810388300554715 3 3 5 3
 0.028744326777609682 2 2 2 2
 0.25769036812909735 2 2 1 2
 0.52395360564800808 1 1 7 1
 0.079172970247100349 2 1 2 1
 0.10136157337367625 2 1 2 1
 0.34947049924357032 1 1 1 1
 0.39183055975794251 1 1 1 1
 0.10943015632879476 1 2 2 2
 0.069087241553202214 2 2 2 2
 0.11447302067574382 2 2 2 2
 0.033787191124558746 2 2 2 2
 0.032778618255168937 2 2 2 2
 0.053958648512355017 2 2 2 2
 0.12254160363086233 2 2 2 2
 0.0095814422592032274 1 2 2 2
 0.17700453857791226 1 1 2 1
 0.54412506303580432 1 1 7 1
 0.23852748361069087 1 2 1 2
 0.12657589510842157 2 2 2 2
 -0.12960161371659101 2 2 5 2
 -0.07816439737771054 2 2 5 2
 0.57539082198688851 7 12 7 7
 -0.72264246091780127 4 3 4 3
 -0.07816439737771054 2 2 5 2
 0.21734745335350478 2 2 1 2
 0.43822491174987394 1 12 7 7
 0.39283913262733233 1 15 1 1
 0.264750378214826 2 2 1 2
 0.43318204740292487 2 12 7 7
 0.47352496217851742 2 15 7 7
 0.28088754412506306 1 2 1 2
 0.40695915279878969 1 1 1 1
 -0.42107917297024711 3 1 3 1
 0.36762481089258697 1 12 1 1
 0.12355017650025214 2 2 2 2
 -0.5249621785173979 3 2 6 2
 0.31921331316187596 1 2 1 2
 0.26273323247604641 2 2 1 2
 0.34241048915784167 2 12 1 1
 0.18608169440242056 2 2 1 2
 0.072112960161371656 2 2 2 2
 -0.11346444780635401 5 2 5 2
 0.22138174483106404 1 12 1 1
 0.46343923348461924 1 15 7 7
 0.21633888048411498 1 2 1 2
 0.29097327281896118 2 1 1 1
 -0.26374180534543623 6 1 3 1
 0.34745335350479073 1 1 1 1
 0.27382753403933435 1 1 1 1
 0.23247604639435199 1 2 1 2
 -0.062027231467473527 2 2 5 2
 0.032778618255168937 2 2 2 2
 -0.033787191124558746 2 2 5 2
 0.16792738275340394 2 2 2 2
 -0.40796772566817951 3 2 3 2
 0.34341906202723149 1 12 1 1
 -0.24659606656580937 2 12 3 3
 0.52597075138678773 7 1 7 1
 0.075138678769541098 2 2 2 2
 0.23348461926374181 1 2 1 2
 -0.026727181038830056 5 2 5 2
 0.26071608673726676 1 2 1 2
 0.25869894099848711 1 2 1 2
 0.32728189611699443 2 2 1 2
 0.26374180534543623 2 2 1 2
 -0.14170448814926878 2 2 5 2
 -0.63489662128088753 6 2 4 2
 0.33535047907211296 1 12 1 1
 -0.014624306606152295 2 2 2 2
 0.014624306606152295 2 2 2 2
 0.059001512859304085 2 2 2 2
 -0.52899646999495709 4 6 6 6
 0.53000504286434691 1 12 7 7
 0.42208774583963693 1 15 7 7
 0.4977307110438729 7 18 7 7
 -0.064044377206253153 2 2 5 2
 -0.3847705496722138 3 3 3 3
 0.079172970247100349 2 2 2 2
 0.25063035804336864 2 2 1 2
 -0.32526475037821484 2 2 3 2
 -0.12758446797781139 2 2 5 2
 0.32223903177004537 1 1 1 1
 -0.40998487140695916 3 1 3 1
 0.15885022692889561 2 2 2 2
 -0.54109934442763485 6 2 6 2
 0.24155320221886031 1 2 1 2
